3 100
19 90
75 88
98 61
  2  4  3  5  6 10  7  8  5  6 11  6  7  4  4  3  6  4  4  7  7  7  6  8  9  9  5  4  2  3  4  3  2  3  4  6  6  4  6  7  7  5  4  3  2  2  1  2  2  2  5  5  5  4  6  6  6  6  7  4  2  4  2  5  5  5  4  4  3  3  2  2  5  4  5  3  4  2  4  3  3  2  1  3  6  8  6  5  9  9  8  6  3  5  7  4  3  6  3  4
  5  7  5  6  8 14 14 15 14 10 18 15 14  9  6  4  8 10  7 10 12 12  8 11 10  9 10  8  6  8  6  6  1  5  5  8 10 10 10 12 11 11  7  7  4  5  5  4  8  9  7  6  6  9 11 10 10 10  9  8  7  9  5  6  6  7  9  6  5  5  7  4  9  9 10  9  7  5  7  6  7  7  2  8  7 10  8 11 16 16 15 10  7  9 11  8  6  5  5  5
  7  7  6  8  8 17 18 18 17 13 19 17 15 13 10 10 11 12 10 11 14 16 11 13 15 15 11 13 10 11  6  2  3  7  9  9  9 11 12 12 11 12  9 12  8  7 10  9 13 14 13 12 12 10 15 16 13 12 10 10  9 12 10  9  7  8 10  8  6  5 10 10 13 14 14 13 13  8 10 11  9  9  1 11 12 16 14 14 18 17 16 15 11 11 13 10 10 10  6  4
  4  8  6 10 11 16 19 23 19 17 22 21 17 16 17 13 15 14 16 14 17 16 15 13 14 15 15 13 14 10  8  2  3  8 10 13 13 16 14 13 14 15 15 13 14 12 14 12 17 17 17 17 18 15 18 18 18 18 16 14 11 13 11  9  6 10 10 13 13  9  9 11 16 15 20 18 14 14 15 14 12  7  1 12 16 20 20 19 24 20 21 17 17 14 14 14 15 13  7  6
  2  5  8 10 10 16 22 27 18 18 27 25 21 20 19 17 18 19 20 20 22 20 19 15 18 16 16 13 12 13 10  2  3  8 13 16 17 17 18 19 14 16 18 15 14 13 16 17 19 19 18 19 19 18 19 22 23 23 18 16 12 14 10  7 10 11 13 13 15 13 13 12 16 15 23 20 18 18 19 18 14  4  3 14 19 24 25 24 27 25 21 17 19 15 13 12 12 14 11  7
  1  5  5 11 14 20 24 22  3 10 25 23 23 23 21 21 18 14 16 19 22 22 24 22 22 19 17 15 15 18 15  8  8 11 15 19 17 17 18 19  5 13 17 18 18 18 20 18 20 23 22 21 20 20 20 25 24 26 22 21 18 16 13  7 10 13 17 18 16 16 18 14 19 16 21 19 18 19 17 18 15  1  2 13 17 23 25 24 28 29 27 20 19 17 16 17 15 13 12 11
  2  4  2 13 22 37 30 26 16 14 24  4 13 20 23 22 19 14 17 18 20 24 23 23 22 21 20 19 18 17 19 16 13 12 17 20 19 16 15 16  2  9 15 17 20 19 21 21 22 24 27 27 26 24 25 24 24 25 24 21 18 18 15  6 12 17 18 21 17 18 19 18 23 19 24 23 23 19 15 16 14  3  2 12 15 22 26 28 30 29 27 23 23 22 18 20 19 14 12 12
  2  7  4 14 26 35 34 27 20 15 28  3  6 17 20 19 20 19 14 15 19 20 21 21 23 22 20 18 18 21 23 21 19 16 15 21 20 19 14 16  2  7 11 13 18 20 24 25 27 25 29 27 28 26 28 29 25 25 23 19 17 13  7 10 15 19 22 20 19 19 20 18 25 25 25 22 21 21 15 13 10  4  6 13 18 26 26 29 36 31 28 23 22 22 21 20 19 14 11  9
  5  6  3 13 26 35 36 33 25 18 34 14  3 14 17 15 16 20 16 16 16 17 22 23 23 24 23 19 19 19 23 22 23 23 17 18 20 17 15 13  1  7 11 15 19 20 25 27 29 29 31 29 28 25 28 32 28 26 26 22 17 11  6 11 15 17 22 20 18 19 23 22 25 23 25 21 20 22 17 16 11  1  4 16 17 29 27 29 38 33 30 28 23 25 22 20 21 18 14 10
  5  6  5 14 26 38 38 32 11 36 85 44 22 18 18  4 11 16 18 17 15 16 19 22 25 26 26 24 23 24 25 26 25 24 22 22 24 18 18 13  7  5 10 14 18 20 26 26 27 32 33 29 30 25 26 29 30 27 28 24 19 12  6 11 13 16 23 23 21 18 19 21 26 25 29 25 23 24 18 18 11  4  7 19 18 28 30 28 40 35 31 29 27 26 24 22 22 21 16 10
  5  6  1 11 25 39 38 30 14 45 91 60 36 23 16  3  6 13 17 18 17 15 19 19 22 22 26 27 26 28 28 29 30 28 26 24 24 22 17 12  9  2  5  9 14 17 23 26 29 30 33 31 32 30 27 27 30 27 25 24 16  6 14 13 13 16 23 24 21 19 20 22 27 25 29 25 23 23 18 14  1  8  8 20 21 29 31 30 40 36 30 28 27 28 24 22 22 23 19 11
  4  8  4 12 20 36 34 27  7 43 81 64 48 34 23 13  2 11 14 16 21 19 15 20 24 24 25 24 25 29 27 29 29 30 26 24 26 22 17 14 13  4  5  9 14 19 22 24 27 29 33 33 31 28 29 30 27 27 22 19 16  7 16 17 19 20 23 21 17 19 21 20 26 28 30 24 23 24 18 16  5 13 11 26 27 37 37 35 45 40 35 32 28 29 22 21 23 23 17 11
  2  8 11  3 15 32 35 35 12 45 90 69 52 38 25 17  2  7 13 15 19 20 19 14 19 23 23 24 25 28 29 30 31 31 27 26 25 24 20 17 13  2  5 10 15 18 23 23 29 33 35 35 30 27 32 30 25 25 22 17  7 11 20 23 23 24 26 23 16 16 17 20 29 28 31 25 22 21 15 14  5 17 11 29 30 44 43 39 54 46 36 29 23 27 21 23 21 21 18 14
  1  4 12  1 12 27 33 37 10 36 83 71 57 44 33 24  8  5 13 14 20 20 20 20 15 20 23 22 24 28 30 31 29 29 27 27 25 20 19 18 16  9  5 10 16 17 22 24 27 31 35 36 33 25 28 29 26 22 22 14  6  9 23 21 23 23 21 17  2  9 14 17 28 25 30 25 15 15 13 13  8 18  1 36 39 56 56 55 86 58 38 26 17 22  3 13 19 19 18 16
  5  4 15  5 12 26 34 36 34  7 80 68 60 46 37 29 16  4 12 14 20 22 20 21 17 16 17 15 22 27 28 30 29 32 29 30 27 19 17 17 14 10  2  6 13 16 22 23 28 33 33 36 32 24 28 29 28 24 19 14  7 13 27 24 24 24 21 12  1  5 11 13 25 23 34 24 15 14 14 11  3 29 25 57 54 83 63 57 58 45 30 19  5 16 11 15 19 18 15 15
  7  5 14  4  9 23 32 35 33  9 86 70 63 47 38 28 16  2 11 14 23 20 21 24 19  2 15  4 16 20 25 29 28 33 33 34 30 22 19 15 14 11  5  2  8 13 18 21 31 34 34 34 29 23 26 28 24 20 15  6  5 14 38 31 29 23 17  5  9  9 13 16 26 25 34 25 14 15  9  4 15 50 50 94 70 71 62 54 44 31 21  5  8 15 15 17 20 20 18 13
  7  5 17  1 10 24 30 36 36  8 80 64 59 45 34 30 15  5 11 16 23 21 19 26 18 20 15 12 14 19 22 25 26 31 32 30 25  4 14 17 18 15 14 11 16 17 25 31 43 36 32 30 18  1 19 25 23 18 12  6  2 33 84 53 37 27 19 14 12  2  9 13 27 24 35 23 13  9  3 18 33 79 64 73 67 64 57 52 36 21  1  6  8 11 13 17 18 19 17 13
  4  5 17 14  4 19 30 36 36 32 77 61 58 44 35 27 12  1  9 10 23 18 13 24  3  5 18 16 16 18 19 22 22 30 27 29 23  3  9 13 17 19 22 22 22 23 30 36 50 38 31 26  3  7 19 26 14  2  7  7  5 37 73 57 47 35 25 22 17  4 11 14 30 24 39 23 14  3 77 48 40 57 57 61 60 59 52 46 22  3  3  6 10 14 15 19 21 19 17 12
  5  5 19 19  1 19 30 36 38 32 81 58 54 41 31 26  2  2  9  9 23 15  4 44 16  4 13 18 15 16 20 21 23 29 27 30 23 12  5 10 16 22 27 26 25 29 33 40 51 39 33 25  3  9 17 23 15  4  7  7  2 40 77 64 54 44 34 30 29 30 25 25 46 39 61 46 83 42 57 51 45 50 53 53 53 51 46 38  2  3  5  8 10 12 14 17 17 20 16 10
  4  7 23 22  5 20 28 36 39 32 89 23 58 38 27 21  1  3  9 11 20  4  6  5 19 44  1 21 20 14 18 20 22 26 27 28 23 19  5 12 15 22 27 26 30 32 33 41 48 43 36 22  3 10 17 22 14  5  6  7  5 43 81 65 54 46 37 37 34 47 39 36 59 50 87  3 13 25 39 45 45 48 47 47 47 43 38 32  3  6  9 13 12 12 13 15 18 19 18 11
  2  8 24 23  2 22 32 44 49 48 81 44 46 22 28 36 63  1  4  3 21 13  9  3 17 36 24 48  2 20 14 16 17 24 25 27 23 22 11  3 11 20 26 29 31 32 33 40 43 42 34 23  5 14 20 22 15  7  6  4 26 51 81 68 56 46 40 34 39 57 53 51 87 36  1 10 14 15 26 37 42 45 44 42 42 39 34 27  5  7 10 13 15 13 16 14 16 16 17 11
  5  7 30 26  3 25 37 50 56 63 90 57 42 20  5 19 27 10  4  1 54 27 18  9  5 23 28 29 20 47 19 14 18 23 23 28 22 23 11  2 10 17 21 24 29 34 37 41 43 41 35 20  1 14 22 24 15  7  6  3 37 57 87 64 50 32 37 55 56 78 53 36 34  5  8 14 16 14 22 32 36 40 39 39 37 37 33 25  2  6  9 14 15 13 17 18 18 18 17 11
  5 24 82 55 33 33 35 48 57 67 89 33 31  1  4 16  4 11  7  7  1 21 27 26 53 30 24  1 20 43 33 49 15 28 23 27 23 23 15 11  3 12 18 21 26 29 37 42 46 50 38 20  5 16 21 27 13  7  5  1 38 57 77 51 32 52 49 88 66 61 45 24  1  6 11 15 15 15 20 26 32 37 35 35 35 32 29 22  2  8  9 16 15 16 15 19 21 17 18 13
  5 29 69 60 47 39 29 45 58 71 90 38 30  5 12 30 17 14 11 13 10 18 22  4 19 21 24 12 20 35 33 41 20 45 34 34 27 28 21 21  8  1 11 16 21 26 34 40 48 48 39 20  4 16 21 28  7 13 10  4 42 57 81 29 37 77 16 49 51 46 29  3  7  9 12 18 17 14 17 22 30 32 33 34 31 29 25 19  5 10 10 14 16 17 18 20 19 16 14 13
  3  1 45 70 57 44 30 42 57 73 90 33 28  1 15 29 23 20 17 18 12 16 19 10  3 12 19 17 18 30 32 38 24 18 16 47 29 34 25 25 16 12  3 11 18 22 31 37 48 51 42 19  2 14 21 26  6 15  8  1 48 55 78 93  4 16 15 34 38 34 21  5 12 13 13 20 19 14 19 20 25 30 30 33 32 29 23 19  4  6  8 15 17 15 19 21 19 15 16 11
  5  2 37 72 61 50 32 43 55 72 92 15 39  5 15 31 29 26 21 19 16 19 19 14  5 11 17 18 19 27 32 35 27 22 17 16  5 49 33 35 25 22 15  5 11 20 27 35 44 48 38 17  2 14 25 34  7 14  4 26 94 35 61 76 18 18 16 24 28 22  5  9 13 15 14 19 20 14 17 22 23 25 29 28 28 27 22 17  4  6  8 14 17 17 17 20 20 17 17 10
  5  3 28 56 71 60 44 30 52 68 90 12 34  2 16 31 33 29 23 23 19 20 19 16  8  4 11 15 21 26 31 37 33 29 21 17 14  5 24 44 28 31 26 18  1 14 24 33 41 45 40 17  4 26 44 63  4 15 90 44 34 42 56 79 49 33 22 22 22 16  3  8 13 13 16 21 21 17 14 17 21 24 25 25 27 27 25 21 11  2  7 15 16 15 19 19 22 21 18 13
  4  3 26 52 84 67 56 37 50 68 90 14 25 38  2 28 30 30 25 26 22 22 22 19  9  2  7 12 17 24 31 39 38 34 29 25 20 12  3 31 29 43 35 32 14  2 17 28 41 47 39  5 26 48 63  6 77 13 40 26  4 35 48 79 55 34  5 17 19  3  9  9 14  2  9 22 21 18 15 19 23 22 26 26 25 23 22 20 14  1  8 17 20 20 22 18 19 18 18 12
  6  4  2 32 62 70 63 48 28 53 76 86 12 38  4 29 29 29 30 29 24 21 22 19 14  7  4  8 15 22 27 37 36 38 35 32 20 18 13 21  5 24 43 47 23 19  3 15 34 54 52  8 42 64 90  2 25 14 18  2 11 21 16 82 61 34  1 12 15  4 10 10 16  4  8 18 21 21 13 17 23 24 23 23 23 19 22 22 17  1  8 17 18 20 22 20 18 19 15 11
  3  5  1 24 47 61 71 56 28 48 67 85  8 32  4 16 29 32 34 30 25 25 23 22 17 11  7  4 14 23 28 34 36 36 34 34 20 18 18 19 14  2 34 31 31 41 16  4 29 55 48 77 66  1  6  3  3 13 15  2 17 16  5 77 60 33  5 13 13  4 10 10 16  5  9 18 19 22 14 15 19 22 24 24 24 20 20 23 17  3  7 17 21 21 22 20 20 21 17 10
  6  7  1 17 40 55 70 58 30 44 63 90 56  4 39  1 30 32 33 31 26 26 24 18  4 12 13 10 15 24 30 41 42 42 34 28  1 11 19 17 17 14 30  2 24 43 33 44 46 89 49 68  8 19 48 14  4 12 14  5 31 16  3 78 59 31  2 11 13  3 13 10 17  4  9 19 21 21 13 13 19 20 22 19 21 19 19 22 18  1  7 16 18 18 21 19 18 20 18 10
  6  8  8  5 28 49 67 73 50 27 54 82 52  3 35  1 30 29 32 33 26 23 23 18  2  8 12 16 17 27 32 41 45 42 34 26  3 11 15 22 19 16 32  5 29 58 57 92 25 64 59  4 19  7 45 20  4 17 32  5 17  4 22 78 63 33  3 11 16  4 13  9 19  3  7 21 21 22 15 14 17 19 21 20 21 20 20 23 16  2  5 19 18 17 18 16 16 18 17  9
  6  6 10  3 22 44 66 81 63 36 58 92 25 58 33  2 26 26 29 31 29 25 24 20 10  3 12 18 21 30 34 44 45 48 41 33 21  5 14 20 32 20 38  1 34 82 56 19 36 57 56  1 47  7 48  1 33  4 15 17 18  3 37 89 67 33  4 13 16  3 16 10 24 15  3 21 20 22 20 15 15 15 18 19 21 19 18 25 19  2  6 21 22 19 20 17 19 20 19 13
  3  8  9  1 18 38 61 78 84 37 55 91 25 60  3 33 26 28 27 28 29 28 23 21 11  5  9 16 20 31 36 44 44 52 44 38 30 20 16 31 56 47 94 43 34 30 50 46 54 66  6 47  2  6 49 32  2  7 13 16 17  1 40 84 70 36  1 12 15  4 15 12 27 21  3 21 16 21 19 13 16 15 19 15 17  4 16 33 31 22 24 49 30 16 16  3 14 17 19 14
  3  8  9  5  2 23 52 69 79 75 29 84 18 38 52 37  1 30 30 28 29 26 25 21 17  7  3 10 19 30 36 47 48 53 44 47 40 31 12 43 85  2 45 20 21  5 41 40 62  6 24 51  6 28  1 41 41  4 17 18 19  1 32 66 86 39  1  9 14  3 15 11 27 23  2 22 15 21 20 15 18 13 13  2 16 20 28 52 41 28 23 22 23  5 13  7 13 15 17 13
  4  7 11  9  5 19 44 60 72 72 25 79 40 17 45 56 39 26 28 29 28 27 26 24 18 11  4  1 12 30 35 49 50 56 48 54 39 38 77 51 53  4 24 24 20  1 42 65 37  5 31 52 28  3 13 41  4 18 42 15 24  4 28 53 80 41  3 11 16  4 19  1 46 48 79 48  2 12 16 13 14  3 25 58 37 31 27 41 37 20 17  4 13  8 12 11 13 15 18 11
  4  9 11  8  1 15 37 53 66 68 73 88 54 20 37 52 37 27 30 32 30 30 26 25 19 13  3  8 17 36 42 57 58 71 58 80 10 32 40 38 39  4 12 24 30 17 56  2 24 41 29 49 33  4 20 48  1 18  4 15 50 18 12 43 75 51 31 31 31 38 49 60 87 32 66 78 25 15 27 52 31 19 20 39 38 34 30 32 31  2 11  8 12 12 14 15 16 18 16 12
  6 10 11  8  4 13 32 47 60 66 70 81 57 18 31 44 55 26 31 35 32 30 25 21 14  4 20 21 27 47 48 67 66 83 53 42 11 30 41 39 37 16  2 29 41 45 62 21  5 26 36 43 29  3 17 35 42  4  9 15  2 22 49 16 84 54 43 38 44 61 73 92 29 47 67 51 28  1 15 13 20 19 18 31 33 34 29 29 27  1  7  9 10 12 13 14 15 17 14 12
  7 12 10 10 12  3 29 46 58 63 72 88 67 23 31 41 58 35 34 35 34 28 21 18 12 15 34 38 39 65 62 90 66 55 38 15 16 27 39 44 40 24  3 31 49 61 20 20  5 19 30 50 39  2 12 18 40  5  9 15  9  3 36 46 81 53 47 32 43 69 84 56 13 49 71 51 28  5 14 19 15 18 18 24 28 30 30 27 27 11  4  8 10 13 15 16 17 15 16 12
  7 13 13  9 14  3 29 41 52 59 72 87 83 48 18 32 49 54 31 34 28 24 16  9 28 30 55 52 55 87 66 72 54 37 12 19 19 31 39 47 38 29  1 42 64  3 15 19  2  9  7  5 49 34  5 17 46  1  9 13 13  3 29 52 78 11 45 56 23 91 35 80 29 56 78 51 30  5 13 21 14 18 20 23 24 30 27 25 26 14  3  9 12 15 13 15 16 17 14 14
  8 12 15 10 15  3 25 40 50 59 74 90 78 58 19 28 42 60 31 34 25 21  6 21 48 47 82 64 54 61 53 56 39 11 14 23 23 32 40 46 44 40  1 60 47  1 11 21 18  1  6  1 46  5 38  4 24 43  5 20 13  4 27 58 84 45 37 67 91 35 79 58 27 60 76 48 28  1  8 17 13 17 20 23 22 27 27 24 26 18  5  7 12 15 13 16 15 18 15 15
  7 11 13  9 17  2 24 36 45 57 70 86 29 72 43 13 28 56 55 45 26 16 41 43 77 61 70 65 52 49 43 46 35 22 23 27 29 39 44 49 54 55 67 50 38  2 11 21 22 20  6  5 52 16  4 34  1 46  4 50 15 11  3 57 83 32 63 82 30 56 78 47  9 57 72 45 25  5  6 17 13 15 16 20 21 25 24 22 21 18  3  8 10 13 13 15 15 19 18 15
  5 12 12 10 18  4 25 36 46 57 73 91 31 71 50  5 16 47 29 51 13 33 76 55 67 58 61 60 52 42 34 37 20 26 26 31 32 42 50 55 61 63 65 38 36 20  5 20 17  6 17  1 52  3 19 55  1 47  2 21 15 16  2 56 84 35 87 32 49 77 59 28 36 79 44 17 30 55  2 15 15 15 15 20 20 22 21 23 19 16  4  9 12 13 14 17 17 19 17 14
  7 11 13  8 16  1 26 36 41 53 71 87 29 50 71 39  2 43 27 51 88 61 66 52 56 52 57 56 48 36 22 32 26 30 30 38 36 47 51 57 62 56  1 38 41 26  5 22 16  7  4 57 44 24  2 24 19 43 36  5 61 35 27 60 81 94 63 38 60 83 48 26 46 69  9 49 29  5  9 19 15 17 17 19 21 25 22 22 20 19  1  8 12 13 16 19 18 17 15 11
  5  8  7  6 18  3 26 36 38 50 71 92 49 31 58 71 27 84  7 30 49 52 58 41 47 43 51 50 39 29  9 26 24 31 32 42 38 49 58 66 69 13 22 57  1 40  1 53  7  1 14 17 51 36 17  5 16 31 45 34 14 23  2 58 80 79 24 49 69 63 23 35 55 78 30 13 29 48  2 20 13 14 15 22 22 23 20 24 19 18  1  6 11 11 14 16 16 17 16 13
  6  9  2  7 20 13 25 25  4 29 63 79 47 29 49 80 48  3 12 26 57 46 46  7 38 44 57 51 37 24 18 23 12 30 35 47 42 53 60 67 52 12 26 57  1 31 40  1  6  5 18  3 36 45 25  4 14 29 46  4 14 40 11 83 28 73 26 58 80 55 30 38 62 80 46 23 11 29 19 43  5 14 15 22 21 24 22 23 18 16  1  7  8  9 10 13 14 14 16 12
  7 11  6  2 18 14 27 25 14  3 51 80 33 87 29 55 72  3 14 29  5 52 50 35 36 32 33 41 22  5 16 27 21 33 36 50 41 58 59 56 42 20 15  3  7 23 33 38  6  4 17  3 31 45 20 13  2 19 44  4 15 14 88 31 36 74 21 68 60 46 22 39 61 76 52 33 16 12 22 35 24 49 26 30 23 29 25 25 18 19  4  6  7  9 10 10 14 16 16 11
  5 11 10  9 19  2 31 33 49 33 56 88 79 67 30 45 82  4 13 26  5 51 53 45 37 28 23 29  3 10 15 34 29 41 38 56  8 51 61 50 33 17  1  7  8 16 22  7 40 16 12  1 27 43  5 17 10  3 28 43 13 84 10 37 13 90 31 72 46 30  5 34 65 63 46 30  1  6 17 23 21 14  1 43 29 34 29 27 23 23  9  4  9  8 11 13 14 14 15  9
  7 11  8  4 28 23 48 45 79 43 40  1 28 43 33 13  2 82  6 31  2 32 56 49 38 18  2 29 20 22 28 48 33 35  8 42 49 69 56 42 28 13  3  9 10 12 14  7 16 28  5 15 28 52  3 10 19  3 23 43 89 14  3 22 38 74 26 78 15 29 52 15 78 59 41 28  4  8 11 18 19 15  8  2 20 44 33 32 29 30 17 12  4  7 10 11 14 14 14 12
  8  8  5 17 44 42 76 53 61 49 42 23 23 34 39 37 26 58 71 31 18  4 30 59 41  6 18 53 32 21 20 11 27 39 42 56 69 64 52 36 18  3  6  7 10 13 10  7 16 36  2 15 28 45 26  3 16 18  5 93  3 13  8  3 44 76 76 52 10 22 36 44 75 57 41 29  4  7  9 16 19 14 11  7  4 23 32 43 33 33 22 21 10  1  4 10 14 12 15 13
  5  4 38 37 77 54 66 52 52 47 39 27 30 33 43 49 43 55 78  2 26 15  2 60 51 29 19 34 26  8 18 18 26 43 53 56 56 54 43 26  1  2  4  8 11 14  6 17  4 84 52 16 22 30 49 23 18 55 87 16 45 14 10  3 46 78 81 39 25  2 22 50 65 51 38 32 17  2  5 14 15 15 15 13  9  1 18 35 37 46 32 31 18  7  3  6 11 10 12 14
  3 25 87 55 64 49 57 39 44 45 29 34 33 36 43 51 48 45 70 72 29 15  1 35 49 15 11 23 17  2 14 26 31 54 69 55 50 48 39 22  5  4  6 11 13 12 17 14  5 65 93  4  6  5 45 14 49 84  1 18 42 13 10  3 51 80  8 26 37 21  7 54 78 13 31 48 34 10  3  8 13 17 14 14 11  4  3 25 35 42 41 41 24 15  7  5  9 12 10 10
  4 13 49 40 46 30 38  3 28 38 36 42 40 39 49 57 40 14 56 72 29 14  1 24 58 37  3 21 13 11  3 22 33 63 56 45 41 40 31  2  7  9 11 15 14  6 17 10  1 43 59 86 16 23 46 11 76 52 11 23 46  3 13  5 56 79 88 14 30 41  9 78 60 13 24 38 48 25 21  5 11 14 13 17 17 11  7 16 28 32 30  5 15 18 15 11 12 14 13 12
  3  9 30 24 34  2 27 30 33 42 37 53 38 26 37 17 35 33 56 74 82  5  7  5 35 58 29 23  4 18 18 13  3 67 48 38 37 36 24  2  6 11 15 15 16 16 12  4  4 25  6  1 96 21 46 94 68 19 22 29 45 17 15  3 77 29 82 36 24 37 38 66 54 26  9 23 33 35 53 28  1 11 14 18 17 15 10 14 21 27 23  3 11 17 15 13 15 16 15 12
  5  8 21  5 31 23 35 48 36 37 28 37 23  5 22 19 28 35 45 55 27 72  7  5 26 50 40 30  3 22 35 43 56  2 18 14 25 27 17  1  7 11 13 16 18  7  9  1  5 15  5  1 73 97 91 82 62 16 21 26 39 41 17  1 71 29 88 50 29 38 53 71 54 33 15  9 19 30 46 48  3 12 13 17 20 18 13 12 18 20 19  3  9 12 15 16 15 14 12  9
  6  5 22 22 55 38 37 42 37 34 24 30 14 13 23 26 31 38 50 57 50 74  2  7  4 28 53 39  6 30 47 60 46 15  2  9 19 25 13 10  9  4 10 18 18 16 10 11  5 20 35 47 75 92 94 78 62 19 26 27 41 45 15 17 77 26 75 48 21 38 59 67 54 37 21 12  1 16 31 39 21 18 13 16 21 20 16 15 19 18 17  4  6 13 15 17 14 12 14 12
  4  5 16 20 34 33 31 36 30 25  2 19 19 18 22 27 29 35 41 46 47 26 77  3  8  5 37 58  7 38 56 54 43 24  7  2 14 22 18 14 15 13  4 16  6 11 12 15  3 21 48 70 81 37 77 93 72 43 19 28 39 46 15 76 17  1 83 49 28 37 64 74 56 39 28 18  4 12 21 28 26 21 14 15 17 20 16 18 18 19 14  2  6  9 11 15 14 13 12  9
  4  5 10 17 22 25 29 29 28 19  1 13 20 21 24 27 27 32 37 43 41 26 82  2  7  2 29 60 10 61 55 49 39 27 12  3 11 17 17 18 16 15 17  2  7 14 13 23  4 27 65 94 54 23 51 52 88 67 46 15 31 47 43 73  4 18 75 48 25 39 76 69 58 43 28 20  3  9 17 24 26 25 19 15 15 20 20 20 20 19 15  1  5  7 13 15 16 17 14 11
  4  4 11 15 17 21 26 27 26 18  5 13 19 23 24 26 27 32 35 39 39 26  3 80  4  8  4 32 52 67 57 51 37 28 13  1 10 17 18 19 21 18  1  7  7  1 10 28 13  5 82 51 16 20 38 50 17 84 64 28 42 58 72 13  3 30 81 45 25 40 70 61 55 45 31 22  4  8 15 18 24 25 22 15 18 21 20 22 23 22 15  4  6  6 10 13 14 15 14  9
  6  9 10 15 15 19 23 25 24 15  4 12 16 24 27 26 25 30 34 39 39 29  4 42 69  1  7  5 62 61 57 48 34 27  5  3  9 16 18 22 20 17  1  7  5  6  1 42 54 85  3 14 14  4 30 45 19 58 94 64 38 64 83 14  4 35 75 18  4 34 77 64 53 43 32 22  4  6 10 13 21 21 19 14 18 19 21 21 23 22 14  2  6  6 12 16 16 15 13  9
  6  9 12 14 15 16 22 24 22 13  4 12 16 24 28 27 27 33 34 39 42 37 30  7 85 27 44 69 12 56 50 47 33 27  5  8 10 17 20 21 17  5  7  7  6  1 29 62 77 60 23 13 21 17 31 50 38 19 55 88 33 78 13 48 12 36 77  1 19  4 77 64 52 44 33 23  5  9  9 13 17 19 21 14 18 17 21 19 22 20 14  2  8  8 10 12 14 14 11  7
  5 11 11 13 14 14 21 22 19 14  5 12 15 24 29 27 22 33 37 39 44 37 30  5 63 81 66  8  1 51 46 43 29 27  2  9 13 17 21 16  5  6  6  9  1 32 56 86 71 44 27 17 20 23 25 45 48  4 14  2 85 76  8 41 23 12 53 84  3 17 71 60 49 42 31 20  2  8  9 10 14 20 20 13 15 19 23 22 24 23 17  5  9 11 11 12 15 17 12 10
  3  8 12 11  4 11 22 23 24 24 41 23 19 20 24 24  5 22 33 38 44 37 31  2 54 74  2  8  8  5 51 47 30 25  1  6 15 18 21 18  2  7  6  7  5 54 76 48 48  4 15 18 12 12  1 38 50 23 23 35 79 97 19 41 26 10 36 80  5 17 30 40 41 38 26 18  2  7  9 11 14 16 19 14 15 20 21 20 21 19 16  4  7  9 12 13 15 14 11 11
  2  7 12 13  8 12 19 19 19 16  3 12 19 20 26 28 18 26 34 41 44 38 28  2 45 67 71  1  8  7  3 53 27 26  4  9 13 18 16  1  7  7  7  3 42 88 42  1 26 16 12 14  9  4 12 39 48 30 15 51 82 38 95 46 13 13  2 75  1 13 19 26 30 30 25 21 12  5  7 10 12 15 20 19 13 20 23 24 22 20 16  8  4 10 11 13 14 12 11 12
  2  5  9 13 11 11 15 18 16 14  1  5 16 19 27 29 27 29 33 40 43 42 28  3 60 15 53 71  5  8  8 55  1 40 14  1 13 16 14  1  8  6  1 44 76 47  2  5 15 12 11  7  2 12 22 39 52 28 12 54 73 30 77 87 40  8 31 77 13  5 14 20 23 24 22 21 12  3  8 10 12 15 19 20 14 18 22 23 23 22 19 12  4  9 13 12 14 14 12 10
  4  7 11 12 10 12 13 15 14 12  8  1 13 19 26 31 29 33 40 45 47 49 48 56 48 13 42 71  1  9  7  1 58 42  3  8 15 17 10  4 10  6  1 87 40  5  7 11 12 11  9  2  8 15 29 44 50 12 38 75 65 31 64 84 87 31 45 75 36  1 10 13 20 20 17 19 17  7  2  8  9 13 18 19 13 18 22 24 23 20 17 14  5 11 13 14 13 14 13 11
  6  9 14 13 12 11 11 13 15 12  2  8 13 20 25 28 28 38 47 50 55 58 62 28 34  1 29 55 74  4  5  8 52 41  5 15 17 10  2  4  6  9  6  3 24 14 12 11 11 13 11  5 13 20 34 45 47 14 54 81 59 13 44 65 45 86 33 80 52 25  2 10 16 18  1 15 18 15  8  3  6 13 15 18 15 16 19 22 21 19 18 12  1  6 11 16 16 13 12 10
  3 10 12 13 14 14 13 12 12 12  5 14 19 21 26 30 33 43 48 56 60 58  5 28 27  1 23 50 75 42  2 13  8 58  5 16 15  5  5  8  7  8  3  8 16 12 17 16 13 13 11  1 11 22 34 47 50 51 68 66 50  1 24 42 15 47 94 78 61 39  2  9 15 17 20 20 17 16 12  1  6 11 15 19 13 15 19 20 21 20 20 15  1  5 11 17 17 16 14  9
  2 10 13 12 13 14 13 10  9 11  2 12 16 20 25 30 31 44 50 56 65 60  1 29 26 11  4 34 66 80 48 18 23 56  5 16 11  2  8  7  8  2  8 12 17 17 23 19 14 13  5 10 13 23 33 48 55 50 69 56 41  3 18 32 15 42 13 84 72 56 29  2  9 16 17 20 19 18 16  4  6  9 12 16 14 16 16 18 18 21 18 14  1  7  9 14 15 16 14  8
  4  9 13 11 14 11 11  9 11  5  7 18 22 26 31 29 33 45 57 62 68  5  8 27 26 15  4 24 55 72 81  2 13  7 50 31  4  6  7  6  4  5 11 12 14 21 23 20 11  4 14 16 20 28 37 53 62 69 59 52 37  7 17 32 31 45 16 87 89 71 50 25  3 11 13 23 17 19 18 10  1  8 13 15 14 18 20 20 17 20 17 12  2  8 11 13 16 14 14 11
  4 10 15 15 15  4 12 13 13 13 13 21 18 22 24  5 20 43 61 66 46  2 12 27 31 21 14  6 43 61 81  5  9 17  8 52 16  4  8  6 11 11 13 13 13 23 25 17  5 12 23 22 26 32 46 59 71 81 61 49 34  1  9 24 28 14 44 12 81 90 70 49 27  4 12 23 23 18 18 16 12  5 12 15 14 14 18 22 21 20 20 16  5  8 10 15 17 16 16 14
  6 11 13 12 11  7  9  1  8 13 14 19 20 22 23 23  5 43 64 45 28  1 13 26 26 20 15  4 31 48 67 73  2 16  5 59  1  4  7 12 14 11  2 17 21 45 42 29 25 17 21 12 22 35 48 64 76 80 59 44 31  1  9 19 26 15 46 11 77 34 92 73 48 26  4 24 24 22 17 16 11  2  6 13 15 14 16 20 21 19 18 13  1  5  7 14 17 15 15 15
  7 11 11 13  9  9 10 14  1 12 18 24 23 28 32 34 29 63  3 23 18  3 16 27 31 21 18  3 26 40 59 75 17 25  5 39 56  2 12 10 14 10  1 15 25 44 51 35 32 22 27 15 23 34 53 71 79 46 47 40 27  5  9 16 24 14 40  9 79 35 64 92 66 46 12 26 29 27 33 17 14 10  2  7 13 14 16 20 22 19 17 15  4  6  7 14 15 15 15 13
  4 10 12  5 12 15 18 29 16 16 15 16  3 21 33 40 34 59 26 20  4  6 13 23 26 16 15  1 17 20 32 16 83 53 20 32 58  2  6 12 14 13  7  3 18 33 42 36 43 27 31 24  8 28 54 72 74 10 47 39 28  1  5 14 22 13  1 41 74 42 28 69 82 59  8 34 35 17  3 16 19 17  5  7 14 13 15 20 22 22 19 16  2  4  5 10 13 13 15 14
  4 10  9  9  1 10 19 22 23 29 19 15 19 21 27 29  1 34 26 25 17 12 16 20 27  3 17 22 17  4 17 17  5 83  4 12  4 53 27 20 18 16 11  1 13 26 29 30 38 32 43 35 11 28 60 80 13 20 47 36 28  1  6 13 22 15  3 32 74 43 32 55 70 91 33 40 35  3  4  9 16 18 11  1 11 13 17 20 19 22 19 16  5  4  4  7 11 13 15 15
  5  8 10 10  5  2 15 18 22 27 27 25 33 25 25 27 13 25  5 18 22 20 16 21 29 13 16  3 15 13 16 22  3 77 44 16 25 56  7 13 15 14 13  7  5 18 20 25 33 34 40 52 26 16 59 81 12 24 44 37 28  9  2 11 23 20 15  3 83 38  9 37 35 11 88 67 52 25  3  7 10 14 18  1  9 14 15 18 18 20 17 15  4  5  4  5 10 14 14 13
  5  7  8  9 10  7 11  2 11 16 25 23 28 29 29 30 21 22 23 19 23 20  4  9 15 16 21 16 16 18  5 13 12  1 74  4 20  3 54  7 16 15 13  9 11 16  4 14 26 30 33 48 38 48 70 56  9 26 49 40 32 16  1 11 24 19 15  4 75  5 17 36 25  9 63 83 68 47 24  1  9 12 15 19  1  8 15 20 19 22 21 18 11  3  5  7  8 13 12 12
  5 10 10  9 13 10 10  5  3  8 18 22 22 30 33 35 30 31 34 26 23 21 10  1  8 14 23 22 18  2 10 12  1 20 69  1  7  2 37 56 20 18 12 13 14 15  7  4 19 24 33 50 47 61 80 52  2 22 52 41 35 21  3 14 26 21 14  1 75 36 24 31 11 22 53 76 86 68 45 22  1  9 14 19 17  4 13 20 20 23 20 17 15  4  4  7  7 12 13 12
  3  7 12 12 13 12 10  7  7  5 15 17 20 26 29 33 32 32 36 29 32 22 14 12  1  7 22 24 17 12 11  9  4 24 54 73  7  2 26 50  8 13  2 15 23 20 12  8 13  5 20 45 47 64 69  9 50  1 41 44 36 20  2 12 31 20 13 36 81 63 41 37 30 37 48 64 77 80 66 48 28  5  9 13 17 18 13 18 22 20 20 18 15  2  7  7  7 12 15 14
  5  8 14 13 12 12 13 13 10  9 10  2 12 20 27 31 33 34 34 33 32 30 24 29 13  5 23 18 12 13  9  3  6 14 30  6 71 33 12 37 53  8  6 12  1 13 15 13 22 14  1 38 50 81 49 16 31 24 51 51 38 19  2 19 44 27 30  1 73 74 54 47 39 31 42 57 70 79 89 69 49 27  3 11 13 15 17 20 21 22 23 18 19  3  6  7  9 12 15 12
  5  6 12 12 12 13 14 15 11 10  9  7  3 13 21 27 29 34 32 33 31 33 30 29 25 20 34 12  9 16 12  2  5  9 18  6 71 52 14 34 58  3  7 12  6 13 14  5 24 21 19 33 20 73 42 24  8 18 39 44 48 25 17 40 87  1 15  5 40 77 61 52 42 35 31 45 60 70 81 86 65 42  3 10 14 14 13 18 22 22 22 21 21  2  3  4  7 12 14 13
  7  6  9 13 14 13 13 15 14 13  8  8  2 10 18 25 27 28 27 31 30 27 23 21 20 11 16  3 12 29 20 17  5  9 13  7  5 73 42 11 43 50  8 11 10 13 14  3 29 35 42 55 83 52  1 19 20  3 29 52 76 11 46 36  1  6 14 15  3 86 69 57 47 39 35 43 54 64 74 80 84 61 33  2 10 15 13  1 18 19 22 21 23  8  1  4  6 11 14 13
  5  8 10 11 12 15 13 12 12 11  9  5  7  9 14 23 24 24 27 27 26 24 19 18 12 17 16  6  2 15 24 30  2 10  6  5 23 74 53 13 40 53  5  8 12 13 13  2 34 41 50 63 73 47 25 36 77 10 24 43 34  2 27 50 16  4  9 14  3 79 67 63 55 46 38 31 47 56 68 75 79 84 62 33  1 10 16 14  1 19 18 20 22 12  4  8 10 11 11 12
  4  7 12 13 12 14 14 15 12  9  3  7  9  9 13 21 24 25 23 21 19 16 11  3 17 18 17  9  6  2 17 21 15 20 31 12  3 46 75 48 34  5  8 11  7  8  9  2 39 46 59 68 86 52 25 16 47 34 28 47 41 16  3 23 25 49  4 15  5 74 68 63 58 50 41 31 43 49 64 68 73 77 89 59  1  8 14 14  5 15 17 17 21 15 10  3  7 12 12 12
  4  8 12 16 15 17 13 15 11  9  2  4  8 12 14 17 20 23 24 19 17 12  1 11 16 17 16 12  5  6 11 15 13  7 18  4 25 34  6 78 43 16  3 13 29  8  5 31 89 32 63 76 58 34  5 20 32 34  5 39 48 28 13  5 20 38 28 52 14 76 67 66 60 51 47 37 36 43 59 61 70 76 88 97 50  6 12 15  9  2 21 18 24 16 10  4  5  9 10 12
  6  7  9 16 18 19 14 13 11  3  5  6 10 15 15 19 19 18 17 16 11  4 11 16 18 19 17 14 10 10  9  3 16 18 26 21 42 44 42 85 28 14  5 32 83 42 23 30 60 54 69 77 37  3 21 30 23  5 13 37 52 34 18  2 10 21 22 15 46 75 63 66 61 51 46 40 28 31 46 51 57 67 82 84 82  1 11 14 13  3 23 19 27 16 13  4  6 11  9 11
  7  8  8 12 16 15 15 12  1  2  7  7  9 13 14 18 20 15 11 12  3 10 17 15 15 16 15 16 12  9 11  4 13 20 30 31 54 51 48 73 79  6 34 34 41 33  5 20 47 62 77 42  6 16 36 28 17  5 18 35 50 40 24  9  5 15 17 17 13 77 43 56 52 44 43 36 28 12 31 37 46 53 69 72 75 81  5 14 12 15 26 26 28  1  5  7  7 12 10 12
  7  7  9 12 15 15 13  7  3  5  6  8  8 12 16 19 19 12  9  3 10 14 16 17 18 19 14 17 14  3 12 18 26 30 39 50 90 56 29 60 69 39  1 29 30 33 13  4 33 64 68  5 31 23 26 17  4 12 23 38 51 45 33 18 18 23 27 32 38 86 16 47 47 41 45 43 31 28 26 19 33 42 59 67 70 78 91 13 16 25 31 32 27  2  6 10  9 13 13  9
  5  9 11 11 14 14 12  1  3  6 10 13 11 14 15 12 12  8  1  9 16 17 16 16 16 16 15 18 15  7 12  3 18 30 36 46 70 62 50 62 70 82 53 35  5 19 16 18 29 82 32 25 26 23 18  4  9 18 29 39 51 48 40 23 19 13 28 37 46 74 75 46 11 31 48 46 37 34 30 25 17 28 48 57 64 71 84 87 14 29 38 39 34 17  4  8  7 10  9 10
  4  7  8  9 11 11  2  6  6 10 11 15 15 15 11 10  8  5 11 12 17 16 17 15 16 18 16 15 14 10 10  5 15 26 37 46 59 63 58 64 70 78 82 55 19  8 16 25 35 81  7 33 27 26 18 10  4 15 30 38 47 50 44 28 20 16 29 40 51 70 83 51 13 27 39 43 36 40 34 33 24 14 36 42 50 61 76 78 85 66 58 52 42 28  5  7  6  7  8  7
  2  5  9 12 11  7  3  8  9  9 10 14 12 11 12 10  4 10 14 14 17 16 15 16 15 15 15 16 15 11 12  4 11 20 30 40 54 59 60 63 65 71 69 51  2 21 21 35 83 63  5 25 21 28 21 15 17 17 23 28 35  7 31 28 27 28 35 42 53 66 86 62 29 19 30 39 40 52 39 40 34 23 30 19 36 50 66 67 74 86 73 60 49 35  2  4  7  6  8  9
  3  5 10 11  7  5  8 12 13 14 16 11 13 13 10  5  6 14 15 16 15 15 16 16 14 14 13 13 17 11  8  4 11 21 31 40 51 57 57 61 60 66 65 72  3 34  5 46 76 58 24 20  3 13 19 18 30 24 24 25 29 18 22  4 15 24 33 38 50 64 79 65 37 23 13 23 31 42 39 48 44 30 35 26 20 34 56 62 67 81 92 77 63 49 26  3  6  7  8 11
  2  5  8  8  2  4 10 12 12 16 12 12 10 13  3  8 12 16 17 15 15 15 15 14 14 17 16 16 16 13  3 10 15 23 30 39 48 51 57 60 58 61 57 69 46 21 30 55 73 55 33 22 11  3 13 19 26 26 31 34 29 21 25 13  4 18 23 32 47 60 75 68 46 29 17 12 24 32 34 45 49 36 38 29 27 19 46 49 57 72 78 90 72 59 37  2  6  6  8  7
  1  5  7  4  6  6  9 14 12 15 11 12  2  9  7 12 14 18 14 12 16 15 14 13 13 15 17 14 14  4  5 12 15 20 24 34 42 46 47 48 46 45 32  7 82 28 49 74 64 55 38 24 16  8  2  9 19 23 30 32 33 29 30 21 19 12  2 23 44 57 75 69 51 38 25 17 13 20 30 39 44 41 52 38 36 27 38 18 37 62 65 76 85 72 54 28  3  4  7  7
  5  5  8  8 10  8 11 16 13 15 12 13 10  9 10 14 16 15 10  1  9 15 14 13 14 14 15 17 17 13 13 16 17 20 23 30 38 40 44 44 35 28  4 26 74 24 57 75 63 54 43 32 20 12  5  3 12 19 24 27 30 30 31 29 32 19  7  5 36 57 79 75 54 43 30 19 15 12 19 29 39 38 42 41 45 35 35 28 16 48 54 63 75 88 69 42  3  5  8  6
  6  8  7  7  8  7 10 14 13 16 16 16 14 13 11 13 15 10  2  6  8 11 14 14 14 17 17 19 20 18 15 17 18 22 23 29 35 37 35 34 28 22  6 25 58 54 78 70 63 57 47 40 30 20 13 13 17 21 27 27 31 34 33 34 35 30 23 23 40 57 77 76 56 45 32 24 19 13 11 23 31 33 37 39 39 40 45 42 25 38 20 41 61 80 95 67 37  1  4  7
  6  6  7 10  8 10 10 13 11 14 13 14 16 10 11  9 11  1  3  5  7  8 11 16 14 14 16 20 21 22 19 17 17 22 24 28 36 30 30 25 23  9 17 29 59 68 82 66 55 49 37 31 23  1  7 10 16 17 23 26 20 24 24 26 23  2 21 27 37 51 75 76 59 48 33 26 22 14 11 17 24 28 31 35 37 37 39 47 33 36 26 19 42 61 77 92 55  2  6  7
  6  9 10 11 13 10 11 12 12 14 15 15 12  3  8 11 10  7  6  9  8  8 12 13 13 14 17 20 19 18 15 15 17 18 16 17  2 17 27 28 28 25 28 34 61 72 65 60 53 46 39 32 29 18 16 14 20 20 29 29 27 26 28 29 29 23 28 33 37 46 63 86 66 49 35 28 25 20 14 18 17 24 26 28 30 31 35 41 35 48 33 32 20 45 59 63 92 24  2  6
  4  9 10 10 11 13 14 11 14 16 16 17 14 11 11 11 10  9 10  7  8  9  2  7  9 14 14 15 18 21 20 21 18 18 17 21 18 21 25 27 28 29 33 38 68 79 62 53 45 41 36 30 27 20 17 14 15 15 19 19 21 22 24 24 22 20 23 23 15 26 38 51 48 43 33 29 24 20 20 21 19 21 23 24 26 27 30 32 32 36 37 52 39 30 28  3 27 19 11  8
  6  5  5  8  9  9  9 10 10  9  9  9 12  9  7  7 10  9 10  7  5  1  4  6 11 13 12 11 12 17 16 16 16 17 19 19 18 22 23 27 27 30 32 42 83 63 50 38 31 27 23 19 16 13 15 13 14 14 15 16 14 14 17 18 17 15 16 14 16 17 23 29 30 28 26 21 20 19 19 19 15 15 19 21 20 22 24 26 23 24 26 36 50 30 22  8  2  9 10  9
