5 100
34 82
22 67
73 78
14 2
50 35
 12 15 12 14 11  7  6  6  5  7  7  4 19 20 21 21 17 14 11  8  4  5  3  2  4  8 12 10  5  7  9  8  7  6  4  3  2  5  7  7  8  8  5  5  6  7  5  5  4  4  4  3  6  6  5  5  3  2  4  6  3  6  7  8  8  6  6  6  5  4  8  8  9  8  8  7  8 11 14 13 18 20 13 10  7  7  7  4  6  4  6  5  8  7  7  6  5  5  6  4
 18 23 23 19 17  4 12 16 15 18 22 25 65 56 47 42 36 29 21 15 11 11  7  6  8 16 21 18 14 15 14 14 12 10 12 11 11 10 12 12 12 11 12 12 12 11  8  9  6  9  9  8  9  8  9  6  3  5  4  9  8  8  8 12 12 14 12  9 10  8 11 14 15 15 13 14 14 18 20 22 29 37 28 22 17 14 14 10 12  8  9 11 12 13 13 10  7  5  9  8
 19 24 29 26 24 12  3 12 19 24 30 36 58 65 56 48 43 35 20  3  8 15 16 14 17 30 42 32 26 22 19 20 18 15 17 18 15 16 15 16 13 13 14 16 17 16 12 13  9 13 14 11  7  2  6 11 10  9  7  9 13 14 12 14 16 18 19 15 16 19 17 20 21 21 22 21 25 32 36 41 51 62 40 31 23 17 17 10 13  8  1 10 14 16 17 14 10  7  7  7
 59 47 43 38 32 26 17 10 20 29 35 41 54 65 62 57 47 39 22  3  7 12 20 23 23 36 42 38 30 30 27 24 23 22 19 18 16 17 19 19 18 15 13 18 18 17 16 15 15 13 13 11  1  2  7  9 12 14 11 15 15 18 18 17 20 21 21 21 19 22 22 28 27 26 26 27 35 40 48 54 58 51 44 33 29 20 20 12 10  8  2  6 12 15 14 14 10  6  6  5
 58 57 52 44 37 34 23 12 22 30 37 42 54 62 54 67 59 50 29 18  3 11 18 23 30 40 41 41 37 37 34 31 28 25 22 20 21 22 21 15 15 17 14 15 16 15 19 19 15 13 12 12  4  7  7 12 15 17 14 17 18 22 22 21 19 23 21 23 21 27 29 33 35 32 31 30 39 45 55 58 51 37 36 29 25 19 18  1  7 11  7 10 14 18 14 14 12  1  3  7
  5 62 56 49 45 37 31 14 21 32 41 46 63 66 16 45 66 58 33 24  1 10 18 24 28 37 42 37 38 39 35 34 32 28 25 23 24 19 19  3  7 11 12 18 18 17 19 18 18 16 17 13 10 10  8 13 15 19 16 16 15 15 19 16 13 19  2 17 20 28 30 35 38 34 37 35 46 53 64 69 44  1 22 25 27 17 18 11  5 13 15 13 17 15 16 11  5  5  4  6
  5 36 67 56 50 44 35 19 28 36 42 51 71 59 19 32 49 67 45 38 23  2 12 20 29 37 40 36 38 40 38 34 33 31 29 25 23 21 16  3  7 10 11 17 21 22 22 20 20 20 21 15 13 10  8 10 15 19 18 17 18 14 18 17 14 15  4 13 20 30 33 40 42 36 37 33 47 59 67 27 34 18 16 16 15  3 11 12 12 13 14 15 15 17 14  9  5  6  4  8
  4  4 41 61 58 51 37 15 24 36 43 52 70 58 30 14 28 49 48 59 44 26  4 16 26 36 41 37 38 39 40 38 35 32 29 26 26 21 16  6  4  9 12 16 23 24 25 23 24 21 20 18 16 15 10  8 10 14 16 14 14 15 14 13  4 15 12 12 19 26 28 37 39 27 27  5 42 64 61 42 36 21 17 13  3  4  9 13 13 16 15 14 13 17 12  4 13 11 10 10
  3  4 27 49 66 55 45 32 18 32 43 51 70 61 40 26 15 33 43 53 61 38  2 11 24 38 42 36 34 37 40 37 34 34 30 28 26 24 17 12  3  8 10 14 21 22 26 27 26 24 21 21 22 16 16 14  9 10 14 11 14 10 12  2  5 17 16 19 20 29 28 32 32  5 30 34 50 64 54 43 33 23 13  1  4  4  9 11 16 17 15 16 13 14  7  1 15 11  8  8
  2  6  4 32 52 62 52 39 17 32 43 51 73 62 46 30 16 26 38 50 59 60 36  2 21 38 43 37 31 35 36 38 36 37 35 31 31 25 20 14 10  3  9 13 18 20 22 25 25 25 25 23 22 16 17 13 13  8  9  8 12  1 12  9 12 25 17 17 14 24  4 25 35 29 37 48 58 54 47 38 28 15  3  3  6  9 13 16 18 14 14 18 14 11  2  3 20 15 12  9
  6  7  5 20 38 54 64 51 37 18 39 53 73 62 51 36 23 20 32 42 56 60 67  3 19 39 42 32 27 34 35 38 38 40 36 33 33 26 23 17 12  5  8 14 19 19 22 27 27 29 30 27 27 18 17 12 16 10  8  3 17 28 20 16 15 20 16 15  5 20 20 30 42 46 51 60 51 47 39 35 20  3  4  6  8 12 12 18 14 13 12 17  5 16 29 20 46 21  4  6
  4  5  9  4 27 45 58 69 52 21 37 49 73 66 56 42 30 15 24 37 50 58 60 58  5 36 38  5 22 42 37 37 37 39 38 32 33 26 23 16 15 10  2 14 18 18 22 26 26 27 30 29 31 24 25 19 28  1  9 11 12 18 18 16 13 17  4 12 14 26 30 38 48 54 56 56 45 40 30 27 13  1  7  8 12 14 16 14 19  9  5 23 31 27 48 26 20  5  8  6
  6  9 10  5 20 35 54 66 68 45 20 45 72 64 58 45 34 20 13 29 45 50 53 58 55 37 38  2 12 28 35 38 37 38 38 31 32 25 21 15 11  3 14 19 20 17 22 27 29 28 30 29 27 17 18  1 14  7  8  9 11 12 15 14 15 15  3 11 16 26 36 42 52 57 60 50 43 35 23 23  4  8  9 11 16 17 14 13 20  1 14 36 46 32 31 18  3  8  9  8
  7  9 11 10  3 22 40 59 66 61 15 38 69 64 55 47 35 21  2 17 33 42 44 50 49 36 62 30  1 17 26 41 36 37 39 27 30 18 21  5 12 22 32 28 24 23 22 24 24 25 26 21 16  1 11  7 12 10 12 14  9 14 15 17 14 14  4 13 19 33 42 49 56 62 51 40 34 23  4 16 15 16 16 18 15 16 10  1 25 30 28 45 39 26 18  5  8 10  8  9
  7  8 10 10  3 15 31 47 60 62 63 13 64 59 55 45 34 22  2 13 27 37 39 45 48 41  5 56 30  4 17 27 35 33 36 21 21  1 20 21 23 45 59 27 26 23 24 25 23 26 26 15  4  6 12 11 11 10 14 13 15  9 11 14 13 15  8  3 17 33 47 55 64 67 51 36 24 17  3 10 14 15 19 16 16 13  4 14 39 54 41 36 28 19  5  6  7 10 10  8
  4 10 11 12  7  3 23 39 55 61 65 67 61 59 55 46 32 20  3  9 20 32 37 40 43 40  4 32 59 35  2 16 26 40 33  1 19 14 26  5 27 64 61 42 36 23 25 25 24 26 24  5  6 10 15 11 11 11 14 14 18 13  9 11 12 13  9  1 17 36 52 61 63 53 42 31 18  5 10 15 14 15 16 12 12  4 23 30 50 48 42 34 26 17  4  6 10 10  8  9
  6 11 11 10  6  1 19 33 48 56 64 64 61 56 55 45 34 20  2  7 18 26 32 40 42 41 16  2 39 64 33  2 18 37 41 26 21  4 16 19 33 67 59 45 32  2 18 27 28 31 25 17 14 11 14  4  5  9 11 14 20 13  8 13 11 10  5 10 24 43 59 65 59 46 34 18  4 10 13 14 16 14  9  5 17 29 53 42 43 44 39 29 17  4  5  7 10 11  9  8
  5 11 13 10 10  5 15 28 43 53 62 64 67 60 53 46 35 17  3  9 19 23 27 34 40 40 18  1 21 27 67 22  3 32 31 39 29 15  1 20 38 62 52 42 31  2 16 26 31 32 30 21 18 16 15  9  3  6 10 13 19 17 12  9 11 13  7  5 21 42 57 61 53 37 19  5 10 15 17 16 14 10  2 24 25 44 42 42 43 44 36 21  2  5  7  6  9 13  9  6
  6  8 11 13 11  4 17 28 41 50 61 67 15 64 58 48 35 21 13  1 19 24 25 30 37 38 21 11  1 18 47 37 61 39  3 21 38 25  1 16 35 62 51 42 28  4 13 21 31 31 31 24 20 21 18 14  5  5 11 15 22 20 18 15  8 13 11  3 26 51 69 53 44 24  1  5 15 18 20 16 10  1 24 44 33 33 28 34 36 38 33  5 10 11 12 10  8 13  9  9
  6 10 12 13 11  4 17 26 37 44 60 60 13 39 66 49 30  3 19 19 28 18  5 25 35 37 26 16 12  3 28 38 51 57 34  5 25 38 20  2 32 60 48 41 30  3 11 20 25 29 27 20 19 19 17 17  8  4  7 13 22 22 22 16 11  9 10  3 27 64 55 41 34  5  8 10 20 19 14 22  3 15 53 47 33 23  6 30 39 46 51 59 34 18 14  5  7 11 12 11
  4 11 14 10  9  3 13 25 35 38 57 60 27 10 44 60 27 22 25 24  3 16 14 25 41 36 26 21 14  3 20 35 48 55 65 34  4 24 36  1 27 67 51 40 30  3  9 16 24 28 28 10 17 17 17 17 13  7  5 12 19 21 20 18 17 11  8  4 17 68 48 30 26  5 10 13 23 16  5 33 46 28 33 36 23  2 12 32 41 52 54 49 42 25 12  4  5 10 10  8
  5  9 15 11 11  1 12 28 36 37 57 63 36 11 28 50 59 48 36 30  5 16 19 30 42 36 28 24 19  4 14 27 38 50 57 58 34  5 21 36  3 70 50 39 28  1  9 18 22 23 32 24 21 19 16 18 12  6  1  7 21 21 19 20 19 13 17  1 63 48 26  2 18 13 15 16 24  5 21 54 48 32 25 29  6 14 26 38 48 59 48 42 39 23  4  5  7 11 10 10
  3  7 12  1 11 12 18 28 29  3 47 66 45 26 16 35 52 66 49 37  4 12 21 32 43 38 30 27 24 12  2 18 31 43 52 55 56 36  3 27 36 67 48 39 29  2  7 16 18 11  3 27 25 22 17 14  9  1  5 11 22 24 22 23 17  5 31 56 37 28  3  7 13 15 14  3 34 54 30 36 38 25  3 24 21 28 35 46 53 50 36 35 37 20  1  5  6 10  8  7
  5 12 28 14 10  7  3 24 31 29 51 65 51 30 10 26 42 55 56 45 26  3 16 26 37 37 30 29 25 19  4 17 30 41 50 55 58 71 29 19 38 67 51 38 32  3  9 15 16 11  2 29 30 27 18 15  9  5  8  9 23 24 21 16 20  2 38 59  9 12  1  8 13 14  3 16 51 49 34 27 30 18  8 23 33 40 47 55 65 46 13 36 62 33 12  7  3  9 11 10
  5  8 20 16 13  4  9 26 38 41 54 70 55 38 22 16 32 48 55 63 38  3 13 25 43 38 32 31 28 23 10 17 27 39 48 56 61 77 21 66 14 63 37 36 30  4  9 15 11 10  5 23 30 25 21 11  2  9 13 13 29 17 13  3 27 40 57  2 11  9  1 12 14  5 49  1 54 49 35 25 26  8 19 29 39 48 52 62 58 47 24 24 31  1  9 10 10 10 10 12
  5  8 13 16 10  3 11 26 38 47 57 63 57 42 26 11 23 36 49 59 59 34  4 19 39 40 30 34 37 27 16 12 23 37 45 53 62 74 86 26 66 67  2 38 33  3  7 10  8  1  7 21 27 23 19 11  1 14 24 25 55 24  9 22 40 64 38  4 13 16  8 16 45 24 36 15 33 37 20  4 21 23 27 36 43 51 53 53 53 47 29 20 19  4  9 13 13 13 12 13
  7 11 14 15  8  2 12 27 36 48 60 61 56 45 36 22 14 29 43 55 59 67  3 20 40 43 29 35 40 34 20  9 21 33 44 52 59 69 78 22 43 67 11 29 55  1  8 10  9  1 13 24 32 28 16  3  5 12 17 20 23  3 22 39 50 64 29  3 18 28 16 44 38 26 29 21 23 25  1 10 22 29 36 43 52 57 58 54 52 47 31 20 15  3  6 10 14 16 13 11
  6  9 13 13  2  9 17 31 40 54 62 49 54 45 38 23  3 20 34 47 53 62 57  4 37 34  1 36 57 46 32 20 16 20 39 49 56 65 74 83 20 57 59  4 25 39 11 17  9  4 11 19 28 27 16  5  9 15 14 14  2 18 32 50 59 34  4 17 34 50  5  9 18 19 23 19 19 20  5 14 27 37 45 53 58 63 55 50 45 40 30 15  1  3  7  8 10 15 16 14
  3  8 14 15  4 12 20 33 45 56 62 47 65 53 43 33 14 12 24 39 51 55 59  2 38 41 27 36 43 45 33 20  4 15 30 44 53 62 69 79 71 68 12 57  1 22 38 28 14  5  9 18 28 32  4 15 14 12 12  5 16 30 45 64 35  4 25 28 44 32  3 11  8 10 15 18 15 18  2 19 32 43 52 57 63 60 54 48 42 36 25 13  2  3  8  8 12 13 16 14
  6  9 14 14  5 15 23 35 50 60 73 50 54 51 44 35 19  9 19 32 45 53 62 69 40 42 40 42 41 41 29 20  5 14 27 40 47 56 65 74 71 62 11 39 60 10  5 41 22 20  5 18 23 25 30 21 19 12  1 14 26 39 55 56  3 27 51 15 28 20  4  8 11  9 13 16 13 15  5 22 37 46 54 62 58 57 53 46 42 34 20  4  5  8  7  9 12 11 14 13
  4  6 11 14  5 17 28 39 52 63 66 46 49 51 47 35 21  6 16 27 39 50 57 65 67 58 54 49 48 45 32 23 21 19 26 33 39 49 61 69 67 76  3 15 11  3 60  1 21 42  2 16 15  2 31 27 20 12  5 24 39 55 69  6 19 44 42 28 26  1  3  8 13 12  8 11 13 11  1 22 37 50 53 57 56 51 49 45 38 28 15  3  8 12 11 11 12 14 16 13
  3  7 12 13  4 15 30 39 51 66 73 47 45 48 46 35 23  4 11 18 31 38 47 55 37 60 58 56 53 48 34 26 24  9 19 26 35 43 52 61 62 59 79  1 10  1 45 67  3 29 39 17  5 13 32 28 23  5 14 34 51 64  8 52 15 30 31 30 22  3  3 10 15 14  8  9 11 11  1 25 42 55 53 51 51 46 46 43 37 27 15  4  9 12 14 11 13 14 13 13
  2  7  9 11  1 13 26 38 51 63 62  6 50 62 53 42 25 12  2 12 22 30 42 51 38  1 64 59 55 50 34 24 25 16 19 26 31 42 49 58 59 69 78 10 10  2 30 59 64 17  2 36 23  3 19 32 27 11  4 34 53 65 49 14 16 25 27 30 23  1  4 10 16 17 14  8 10 12  2 31 48 63 55 48 49 45 43 39 32 21  1  3  7 11 15 16 16 17 14 13
  1  7  8 11  3 13 27 39 54 65 73 10 48 61 55 43 28 19  4 10 20 27 38 46 36  5 36 62 57 52 36 28 31 23 13 21 26 34 46 56 54 65 25 86 28  1 14 41 16 62  1 23 40  4 14 29 26  4 14 45 62  1 15 19 20 23 23 29 20  2  3  7 15 18 18 14  8  9  4 32 53 60 55 50 46 43 41 38 32 17  4  7  7  9 13 16 14 14 13 14
  1  6 10 11  3 14 30 39 57 70 60  2 45  5 55 48 29 26 19  1 15 24 37 45 43 14  1 40 57 46  4 24 42 33 22 16  5 26 42 54 49 69 10 72  1 18 15 31  4 43 56  2 35 40  1 30 25  1 18 56  7 59 46 37 30 27 25 31 22  5  8 11 14 18 18 19 16  8  5 41 60 55 53 49 46 43 38 37 28 16  4  9 11 11 14 16 13 15 12 10
  3  4  7 10  4 14 28 39 57 70 70 10 51 74 59 48 31 30 33  2 13 18 32 47 39 20  2 23 54 65  4 22 44 37 25  2 11 23 42 60 11 63  9 56 79 59 40 36 17 32 46 30 56  4 36  3 27 44  2 60 16 66 60 49 41 33 27 34 24  4  6 10 14 21 22 22 23 21  9 59 52 49 46 44 43 39 35 31 26  5  4  7  9 11 15 17 14 15 15  9
  6  5  7 11  2 14 25 35 54 68 65  8 51  1 31 51  9 37 67 27 14  2 21 47 37 24 12  3 39 54 57  1 23 42 35 17  3 18 37 56  7 58  7 57 21 85 60 50 29 20 37 41 50 56  4 37 44  6 68 16  4 43 66 58 50 38 27 39 29 12  1  6 12 20 19 23 27 29  8 53 45 42 42 39 37 34 33 29 24  5  5  9  9  9 12 13 14 14 16 10
  4  4  9  8  1 16 26 35 54 67 73 10 47 19  1 35 55 46 51 12 21 23 33 69 47 27 18 18 42 46 46 68  4 22 41 29  2 16 34 59 11 68 15 43 63 72 65 55 30 14 26 39 44 51 56  2 37 62 15 15  5 28 57 59 53 34 18 46 46 39 77 34 26 25 20 34 45 53 64  8 17 24 30 30 32 31 31 27 21  4  4  6  8  9 13 14 17 15 14 10
  6  7  7  9  4 15 26 38 58 70  7 21 45 30  1 31 58 45 41  2 11 20 33 36 34  2 22 33 62 35  9 46 56  1 26 42 14  2 31 62 15 66 10 30 54 13 73 62 32 10 20 37 42 47  6 65 15 64 40 25 13 23 47 65 63 22 42 81 59 50 47 33 22 30 36 44 52 63  5  8  8 13 21 22 26 25 27 26 19 10  4  8 11 11 12 12 16 16 12 11
  5  9  8  9  4 15 28 41 60 69  9 23 50 36  2 21 42 55 42 20  2 16 29 42 33 17 20 22  6 21 25 44 55 70  9 48  3 13 17 58  7 57 23  8 36 59 19 80 38 12 22 45 33  1  9 14 66 31 37 31 21  3 36 65 60 78 59 64 56 48 19 27 32 38 43 53 60 48  3  4 10  8 11 14 20 23 25 22 20 13  1  5 11 11 11 11 13 16 15 12
  5  7  8 10  5 18 29 42 58 68 28  9 40 51 21  5 33 60 45 32  4 16 28 39 36 26 19 20 13  5 18 32 40 51 30 38 47 16 74 53 65 63 32 11 31 60 22 84 16 48 20  4 21 15 14 57  9 62 28 36 31 13 43 90 27 65 58 59 53 45 11 22 35 41 51 56 57 43 16  1  9  8  9 14 19 21 22 20 17 14  7  4  9  9 10 12 15 15 14 13
  3  7  6  9  4 17 29 40 60 71 33 11 34 52 28  2 19 43 53 37  1 10 24 36 35 30 21 15 13  3 15 25 28 36 27 17  4 48 10 74 20 67 18 69 10 47 52 17 83 51  4  9 17 14  2 69  1 40 28 58 37 79 47 21 27 50 64 55 47 40  9 19 38 47 58 55 49 39  5  5 11 11  8 11 17 20 21 18 19 15 10  2  6 11  9 10 14 13 15 13
  5  8  7  7  1 13 26 35 54 63 30  5 28 48 33 13  5 30 50 62 25  2 24 43 35 27 22 11  5 10 16 22 22 23 15  4 10 10 43 70 16 63 27  8 20 42 54 56 83 55  4 12 16  1 67 49 23 49 41 79 65 42 37 23  1 27 50 60 47 37 11 24 43 54 63 52 46 34  2  5  8 12 10  8 11 14 17 20 17 15 10  4  8 12 11 10 15 14 12 11
  1  6  6  8  4  4 20 28 52 61 30  6 28 52 40 18  5 27 44 59 35  1 22 39 29 25 19  3  9 13 16 18 16 15  1  7 11  1 46 80 24 68 30  9 25 50  5 61 18 76  1 16  3 67 47 21 36 76  2 28  3 55 39 28  3 20 38 54 46 37  9 25 43 56 65 52 46 36 12  3  6  9  9  9  9 12 15 18 18 18 14  9  3  8  9  9 11 11 12 10
  4  8  3  7  6  8  5  4 44 62 26  3 21 44 40 22  3 19 33 46 53  2 20 38 28 22 15  2  8 16 17 17 10  2 10 11 10  5 43 79 20 62  4 47 21  4 24 46 61 21 81 22 39 64 21 79 21 57 64 32  5 32 56 35 20  4 23 41 58 41  7 25 48 56 59 50 44 37 17  2  7  9  9 12  9  8 11 14 17 19 14 13  4  7  8  9 13 10 11 11
  4  8  4  7  2 14 17 21 45 65  4  5  5 44 38 20  4 18 32 39 56  4 21 40 24 13  3  5 12 17 17 11  4  5 18 11 10  2 41 79 40 69 45 37 16  3 30 40 54 16 77 20 63 89 48 38  8 30 43 33 27  2 34 68 39 28  1 22 43 63 12 26 61 58 58 52 46 38 21  4  9  9 13 15 11 13  8 11 12 17 17 13  7  4  9 10 12 13 13  9
  5 10  9 10  4 14 23 29 49 61 26  4 15 48 37  5  8  6 18  5 45 57  3 41 21  3 12 11 15 25 15  4  9  8 26 11 12  2 37 71 44 59 42 28  1  5 25 29 14 55 16 77 66 69 46  4 11 21 31 32 32 15  2 32 35 56 29  5 27 51 54  7 61 59 56 50 44 39 23  5  7  8 10 14 14 13  9 12 13 15 17 14 12  3  7 11 10 13 14 11
  4  7 11 12  3 17 23 32 52 69 37  6 21 44 39 25 18  4 15 18 40 49 55 37  5  9 16 14 12 29  5 11 18 25 58 24 13 28 36 69 15 61 42 19  1 19 53 19 36 85 59 58 73 64 49 25  3 12 24 28 32 27 15  4 22 45 56 35  6 40 53 56 55 56 53 47 42 39 26  4  5 10 10 14 16 17 12  8 11 13 16 15 13  2  5 11  9 13 14 11
  5 10 12 14  3 16 24 37 52 64 42  5 23 41 47 39 26 11  2 19 40 43 58 40  5 16  1  6  2 62 23  4 12 11 21  1 30 45 11 78 21 64 49  5  9 16 52 84 24 63 64 23 83 67 53 32  5 10 18 26 32 28 21 10  2 30 51 57  7 45 58 62 57 54 54 49 42 36 24  4  8 10 11 16 15 16 17 12  8 10 12 13 12  7  2  8 12 12 13 10
  3  8 10 12 10 12  3 24 42 55 51 29 28 43 45 44 34 13  2 17 39 37 55 60 66 39 20  9  2 35 26 19 14 11  3 14 50  9 26 69 13 58  4 41 16 79 15 52  8 64 13 62 16 71 62 44 23  1 11 19 28 27 22 14  4 17 42 53 59 61 11 35 62 58 55 48 46 38 30 17  3  8 10 14 15 14 15 17 12  8 10 12 13  9  4  7 12 12 12  8
  5  7 10 10 10 10  5 18 36 49 54 44 36 47 49 46 33  3 15 24 58  4 38 37 56 45 32 13  2 24 21 22 10  5 45 22  3 19  5 73 18 64 27 91 43 47  4 43 51 63 13 63 17 71 66 55 31  4 13 20 25 28 30 22  8  4 36 50 57 61 41  2 34 63 61 51 46 43 33 24 12  5  9 10 14 16 16 20 15 10  9 11 13 13  8  1  8 11 10  9
  4  6  8 11  9  8  5 13 27 43 53 52 37 51 48 69 48 23 14  5 39 22 37 41 54 48 38 18  2 18 21 26 10 48 42 25 12 40 39 77 31 85 14  2  6 48  5 45 62 60 11 36 63 24 86 70 46 23  8 13 24 26 31 24 11  2 34 50 54  7 60 40  2 35 65 58 50 46 40 30 21 13  3  8 14 17 19 22 18 12  8 12 12 13  8  2  5 10 10  9
  4  7  8 10  2 12 34 28 36 51 67 45  7 42 48 55 49 27  2  8 29 30 35 38  3 57 43 19  1 29 27 45 23 26 28 10 24 53 49 76 18 60 25  3 23 47  2 58  5  6 53  4 34 55 19 84 60 34  6 13 22 23 29 24  5 16 40 59 44 11 34 44 64 11 58 56 52 50 41 35 26 19  5  9 12 13 20 22 20 17 12  9 12 13 11  1  3 10 12 12
  4  5  5 16 21 28 69 41 37 37  6 30 24 48 44 50 46 31  5 13 27 30 36 36  2 58 41  5 27 52 10 23 12  3 27 51 49 91 28 66 54 59 30  3 26 47 42 67 28 12 40 58  2 29  5 74 61 47 15  1 12 18 29 28 12  2 44 54 42 20  7 34 54 60  8 56 57 52 44 39 32 23 11  3  5  7 14 20 20 19 15 11  9 11 12  6  4  9 10 11
  3  4  4 11 15 19  1 22 37 40 32 41 41 68 48 49 47 31  1 12 26 31 37 26  1 42 54  3 53  2 11  9  1 41 46 90 21 45 52 71 16 61 32 12 33 53 64 45 29  2 20 40 52 39 13 47 75 53  4 13  6  1 27 30  2 34 65 49 41 28 15 29 47 53 65 15 65 57 49 46 40 29 19 11  4  6 12 22 19 16 16 14 18  9 11  8  2  4  7 10
  4  6  8 13 15 14  5 16 34 41 39 47 47 58 68 56 51 35  4 13 27 33 41 21  2 33 47 62  1 11 11  1 30 88 21 42 54 15 79 58 11 65 35 14 46 64  3 26 43 22  3 21 39 52 36 13 50 75 39 25  1  7 22 33 27 59 56 35 37 26 11 23 37 39 55 64  9 55 54 52 47 38 27 22 10  2  7 18 14 17 16 17 23 16  9  9  6  3  9  7
  5  7 11 12 16 16  9  5 25 40 46 52 51 55 64 68 55 36  3 12 28 33 38  2 17 45  2 56  1 10  4 86 19 44 53  5 14  1 73 62  9 57 29  6 45 56 18  4 38 40 19  5 20 36 50 16 44 83 57 34  7 12 28 38 32 57 41  1 22 22  5 14 22  4 35 54 56 55 57 55 49 43 36 29 19 11  8 19  5 11 14 16 23 18 14 12 11  9  9  8
  4  6 12 14 13 13  9  4 20 34 42 49 46 47 52 46 75 55 28  5 27 29 36 44  9 50 74 12 51 87 19 48 52  4 26 14  1 22 74 57  7 57 13 41 69 47  7 12 39 45 33 19  1 20 37 58 15 50 73 50 23 16 37 50 59 50 43 20 19 19 10 15 23 20 34 46 56 62 57 59 52 50 46 42 30 18 15 23 14  5 10 14 25 19 16 16 14 13  9  8
  5  6 10 12 13 13  9  3 14 26 36 45 40 41 47 46  5 64 44  8 31 33 53 12 43 71 77 10 58  5 53 29  5 10 16  9  2 34 72 62 10 58 10 62 54 40  2 11 38 50 42 34 17  4 23 41 50 17 85 58 22 26 45 59  5 32 33 24 23 18 12  1  9 14 23 36 48 56 38 64 56 55 49 46 34 22 16 21 20  4  9 11 27 24 21 20 16 16 11 11
  7  7 12 11 13 10 10  2 15 26 33 40 35 36 40 52  7 36 63  4 45  3 42  5 69  5 38 11 52 51 43  5 11 15 13  5 20 43 77 53 11 70 13 56 45 39 14  3 33 48 43 43 30 19  4 27 39 52 13 74 14 29 54  4 10 28 29 29 23 20 18  9  2  9 16 26 40 48 46 41 55 56 54 51 41 27 22 28 23 20  1 10 29 25 22 21 16 15 13  9
  8  9 11 13 11  8  7  5 14 24 35 41 34 33 37 48 17  8 39 68  5 19 42 71 12 22 54 22  8 41 62  2 14 13 12  3 28 50 80 53 10 68 64 56 43 34 14  4 30 45 41 40 45 28  5 18 33 55 20 51 85 20 56 21  3 22 31 29 27 25 21 15 12  2 11 22 37 47 50 47 39 59 54 51 37 24 14 32 36 47 34 32 69 37 22 17  1 10 12  8
  7 11 10 15 13  5  6  7 13 18 29 28  1  4 23 50  5 50  8 54 67 17 68  8 48 10 23  1 15 37 57 15 23 14  2 16 35 52 71 57 10 63 56 49 36 27  3 11 39 51 38 38 43 37 24  4 19 38 53 15 78 55 48  3  9 21 32 32 30 28 24 17 17  3 12 21 37 45 49 54 50 59 58 52 34 11 27 45 49 65 45 33 37 23  2 11  9 10 13  7
  6  9  9 15 13  9  4  8 13 17 25 28  8  1  3 48 52 35 10 45 68 68 68 55  3 10 14  1 13 23 14 55 43 23 12 23 38 55 70 59 12 65 56 45 23 35 32 35 82 58 15 32 41 49 36 22  5 24 52 61 54 74 53  2 13 23 30 31 33 30 28 20 21 13  4 12 29 46 53 58 54 64 65 67 33 17 41 67 56 56 46 34 21  3  3  8  9 12 10  7
  4 10 11 14 13 10  3  9 18 22 31 34 24 32 48  1 44 24 10 54 77 47 39 70 11 23  5 14 16 15  1 34 58 34 23 18 39 60 78 63 65 63 57 43 30 43 49 54 98 75 48 23 34 43 49 35 20  3 39 54 58 19 80 36  6 18 33 32 34 33 33 26 27 16  8  3 23 42 49 57 56 63 58 57 14 72 57 58 53 53 45 30  5  4  6  8 11 11 12  8
  3  8  9 11 11  7  5  9 17 28 38 42 34 44  4 23 50  1  2 74  8 30 42  8 75 60 42 35 31 25 20 21 40 38 37 36 46 61 68 63 14 65 55 44 36 30 45 56 90 95 71 47 20 31 44 45 30  3 42 62 11 61 83 57  6 17 34 30 33 33 33 29 32 20  9  3 20 42 51 60 58 68 54 70 65 14 63 61 56 51 47 32 19  4  8  8  8  9 13  7
  5  6 10 11 11  4 12 16 23 34 42 48 25  1 11 39 51 53 69 45  5 21 41 11  3 75 62 54 45 30 29 23 31 39 44 45 55 65 72 64 17 70 57 46 42 32 43 58 84 91 95 69 44 20 32 39 46  4 63 48  8 44 54 86 38  7 28 28 28 31 35 28 33 19  3 17 28 46 54 66 63 79 20 59 62 36  1 67 60 54 49 32 25  2  7  8  9 10 10 10
  6  9 10  9  1  7 12 18 27 40 50 39  2 25 26 55 51 70  5 16  1  5 38 15  4 48 71 65 56 37 36 34 24 36 48 51 60 69 78 54 10 66 55 44 40 25 39 51 77 84 84 75 54 16 28 37 49  3 58 43 19 36 55 81 67 46 40 39 35 33 40 27 45 37 31 39 41 59 64 74 49 48 14 49 50 54 35  2 64 58 53 38 34 18  4  6 10 12 12 11
  5 11 13 11  9  9  5 15 28 41 45 47 28 48  8 51 68 59 19  2  8 15 36 14  2 27 60 68 59 41 42 40 17 32 45 56 63 67 76 57 13 70 61 50 47 36 33 46 70 79 88 97 76 43 18 30 40 40 40 38  6 25 45 67 73 62 48 41 26 37 49 55 79 42 24 49 54 70 63 58 23 42 39 76 19 45 63 42  4 67 56 38 36 26  2  4  8 12 12 13
  6  8  9 11  6  4 18 20 31 43 45 52 30 12 43 73 52 46  3  6  8 11 39  1  6  1 42 45 63 41 44 42 15 29 46 59 63 68 68 61 10 59 57 48 47 39 27 42 65 75 85 86 95 69 44 19 34 37 44 41 20 11 32 49 64 78 57 43 23 33 55 65 69 18 33 68 55 19 55 70 46 36 34 15 26 39 57 61  1 42 61 44 41 35 21  2  6  9 12 12
  3  7  6  8  1 11 29 29 37 52 41 14 29 49 76 10 44 39  5  7 11 10 39  2  7  1 21  4 50 41 71 57 37 17 42 56 64 10 48 57 12 67 57 47 44 40 24 38 59 64 77 76 82 73 52 15 29 35 46 49 32 21 16 39 58 84 60 50 28 15 46 63 59 71 23 75 67 43 49 59 47 17 26 27 32 40 53 56 59 44 11 37 63 49 36 18  5  8  9 10
  6  7  1  9 11 20 42 28 34 11 35 36 39 81 14 19 47 33  3 12 11  3 40 12  5  4 14  1 32  5 37 69 50 15 45 61 51  9 40 58 10 62 57 50 49 46 34 29 53 58 73 71 82 97 73 35 23 28 47 49 39 30 12 26 46 65 76 58 16 39 74 71 19 52 67 72 66 55 52 53 45 16 23 29 37 44 51 56 66 47 11 25 44 56 41 26  1  6  9  8
  5  6  7  5 13 22 31 31 43 24 27 26  3 30 31 25 38 44  4 11  5 42 33 21 13  5 14  9 27  1  4 37 65 14 50 64 47 14 37 64 14 65 57 53 49 47 38 29 46 50 66 56 78 87 93 53 35 16 39 39 40 34 34  7 33 53 74 76 70 53 57 24 32 46 60 79 72 62 57 52 45 28 22 29 35 42 51 54 62 65 41 10 30 45 55 38 22  1  5  5
  3  6  9 10  4 19 20 23 34 31 40 27  8  1 27 24 31 49  5 10  3 41 31 24 15  4 11 15 37 17  1  5 40 76 64 59 44  9 27 53 54 66 56 51 53 50 43 33 40 33 45  5 44 62 70 58 51 51 51 37 48 44 67 29 17 44 68 79 59 52 48 16 29 41 57 74 72 66 61 56 48 36 19 28 33 41 46 51 60 65 65 37 10 25 44 55 37  5  7  8
  5  6 11 12  8 12  3 14 23 30 40 36 26 43 32  2 24 53 11  5 18 37 29 22 11 18 27 42 86 35  1 13  1 61 69 63 49 19 30 54 63 70 58 53 55 51 44 32 39 23 39 26 44 58 61 63 63 77 49  9 39 36 42  9 77 43 29 60 82 57 51 32 18 31 45 63 80 74 69 62 52 45 30 18 27 35 43 45 56 60 58 57 31  6 26 46 55 20  1  3
  6 10 10 14 10 13  7  3 12 22 39 41 35 39 48 49  1 50 10  1 27 38 10 36 82 42 32 38 22 36 29 38 43 62  1 76 59 28 16 45 62 57 45 45 49 49 38 12 32 42 48 43 53 67 48 48 50 19 45 34 52 45 71 41 48 14 30 54 87 22 58 44 31 19 32 51 68 80 73 69 61 53 41 28 19 25 38 42 55 55 53 58 43 29 12 35 38 36 66  4
  6  8  9 11  9 13  8  5  1 12 38 38 35 39 52 45 27 45 44 13 45 83 44 39 57 40 25 40 38 44 43 53 67  2  5  1 72 43 42 47 53 41 19 34 51 57 48 35 47 67 56 40 49 51 21 37 54 38 53 49 76  8 45 40 41 27  8 35 62 77 14 52 45 32 15 33 51 69 79 75 65 58 49 36 28 17 28 37 50 53 49 51 56 42 29 25  1 17 42 17
  7 11 12 11  8 11  8  5  7  9 34 36 27 32 50 27 10 91 18 22 46 43 41 37 36 25  1 27 38 47 54 59 51 16  3  9 39  1 71 61 51 19 27 37 67 63 49 39 46 51 49 18 42 50 50 46 61 54 69 43 37  5 30 41 41 33 22 12 41 65 83 20 57 46 34 18 40 55 79 74 66 59 53 40 31 16 26 30 45 48 47 48 50 54 46 28  2  8 25 18
  8 10 10 10  7  7  1 22 21 21 51 50 42 46 88  2 11 50 30  3 33 39 37 30 29 18  1 26 43 54 57 62 49 28 17 17 35 29 61 73 68 36 26 30 43 52 43 24 40 48 53 39 49 55 65 57 75 56 46 28  7  9 26 36 42 40 31  5 27 51 71 16 39 61 51 36 20 37 58 79 72 67 60 47 38 24 22 28 39 46 41 46 49 58 65 36 11  1 13 16
  8 11 11  9  1 12 14 47 44 46 92 47  1 22 36 11  1 52 32  2 27 36 32 25 21  4 13 30 46 59 60 54 48 33 23 17 32 40 55 69 74  1  9 15 24 38 28  1 32 43 58 50 61 63 77 57 63 48 29 10 13 15 27 39 45 43 40 21 10 33 56 80 19 43 59 47 31 17 39 64 76 70 63 54 47 32 28 16 32 38 34 37 46 57 56 40 17  5 10 14
  8 10 10  3 37 31 37 86 52 29  1 24 12 15 11 10  3 40 46  5 24 42 32 26 16  3 19 40 56 65 60 52 48 36 28 17 31 42 49 66 70 69  1  5 10 30 18  5 34 46 59 56 71 59 63 50 52 37  7 12 18 21 26 40 45 44 46 36 26 14 39 66 83 17 36 51 39 29 13 42 62 75 67 60 56 44 33 23 28 27  5 15 30 42 49 39 27 13 10 13
  8  4 24 31 87 48 31 54 41  5  4 17 13 12 11  9  1 33 48  4 25 38 31 25 12  1 23 44 61 65 60 53 46 34 27 19 29 44 50 62 66 71 73  1  1 26 12  1 41 52 72 58 61 57 56 45 44 30  5 12 19 23 27 39 43 41 39 43 34 13 32 56 84 53 17 38 50 38 14 31 54 78 72 63 60 48 37 27 25 19  2  5 15 28 39 39 31 18 12 10
  5  4 14 21 48 32  3 30 35 20 11 13 16 11 10  4 11 35 53  2 24 41 30 18  2 17 35 51 64 60 59 53 46 35 28 20 30 42 48 61 64 70 72 76  5 30  1  3 75 61 63 54 57 54 53 41 38 29  9 13 20 26 29 36 41 43 42 40 43 30 13 39 66 83 50 19 38 55 38 13 36 59 71 65 65 54 46 36 27 17  7  1  6 17 29 32 32 22 13 12
  4  4 12 15 27 18  5 20 27 22 17 17 13 10  9  4 16 35 49  5 23 42 31 15  3 28 49 65 64 59 57 50 41 30 24 14 24 38 41 54 60 65 66 70 63 77  4  1 38 46 50 46 52 47 44 32 30 24  1 12 17 24 28 37 38 41 43 39 43 43 28 11 42 68 80 33 18 46 57 38 12 35 63 67 68 58 49 41 31 19 11  3  7 15 24 29 30 26 15 13
  6  6 10 14 15  2  4 16 20 22 17 16 10 11  7  1 17 37 49  1 19 37 28 14  1 34 52 64 64 54 53 46 38 28 23 20 28 43 44 56 62 66 68 77 27 63 77 36 38 43 46 40 44 44 40 30 29 23  9 14 18 25 26 39 40 40 44 39 43 46 42 31 25 40  2 21 23 36 50 54 33 17 54 67 81 68 55 48 37 19 13 10  5 11 17 21 24 24 16 12
  6  9 13 11 13  2  6 13 17 20 15 11 13 13  2  8 21 37 46  1 19 43 22  3 19 44 64 55 56 46 50 38 27 14 25 33 33 49 44 59 63 64 64 67 42 51 62 45 42 42 43 35 41 33 29  6 20 24 17 20 22 28 28 41 42 42 45 36 40 47 49 33  1 35 54 23  7 29 45 60 49 37 44 51 62 60 51 42 30  1  9 12  8  9 12 15 18 19 17 11
  3  9 11 12  8  4  7 13 16 19 18 10 10 11  5 13 24 40 50  4 20 38 18  1 35 59 59 52 49 38 44 28 14 27 32 42 40 56 51 70 63 63 58 59 42 47 51 46 40 38 36 13 32 31 32 22 23 22 23 26 27 36 31 57 45 39 33  2 29 41 47 47 32 30 36  4 12 23 34 50 52 50 47 50 54 54 51 45 35 14  4  6  6 11 14 13 18 17 16 12
  3  8 12  9  3  6 10 11 13 17 10 13 10  8  3 16 29 40 53  1 16 40 20  5 41 59 58 46 43 35 39 17 20 38 39 57 54 75 53 56 55 54 47 46 15 32 42 47 45 44 41 34 56 38 36 30 26 19 22 23 23 26  1 33 39 40 37 22 27 39 43 46 46 37 33 18  1 16 29 40 45 57 54 54 53 53 48 42 35 20  5  6  5 11 12 15 18 15 15 13
  3  9 10  7  1  7 11 11 13 14 11 14 13 12  4 13 25 38 48 48  1 43  2 22 61 49 47 34 34 16 37 31 34 51 53 71 55 54 12 39 50 53 49 46 28 29 34 38 40 39 38 33 36 30 29 27 23  1 14 21 23 27 18 29 36 41 39 34 30 34 38 43 44 41 35 24 13  3 18 32 36 48 54 52 51 49 49 45 39 28 13  1  3  8 13 15 15 16 14 14
  5 10 13  7  5  6 11 15 14 11 12 14 15 13  5 15 26 37 46 51 36 30  4 25 58 40 38  9 29 41 61 18 40 75 62 67 57 54 33 38 42 44 43 45 37 30 32 32 34 34 33 29 21  7 19 26 28 18 19 23 24 27 25 28 31 37 38 36 35 35 36 39 41 40 36 32 24 14  5 21 30 38 48 57 55 52 51 48 40 32 20  2  3  5  8 14 16 14 12 13
  3  8  9  1  7  7 10 14 10 13 12 13 13  3  9 16 26 35 47 58 46 34 19 24 30 18 34 37 37 54 64 79 59 66 61 60 56 52 44 42 43 42 39 42 38 32 32 31 27 26 28 23 11  9 16 22 24 24 23 23 23 24 27 27 31 33 35 38 35 34 39 41 40 43 44 39 30 25 16  5 17 26 35 48 51 50 50 50 42 36 28  9  2  3  8 13 15 15 11 11
  3  5  8  1  8  9 13 16 10 10 14 14 13  4 12 20 25 32 46 50 48 35 22 18  9 20 34 51 49 68 64 70 62 61 58 56 55 53 45 43 43 42 38 39 35 35 30 29 26 21 18 15  4  8 16 20 22 22 23 23 24 23 27 30 30 32 33 36 36 34 36 40 41 41 41 40 35 31 25 16  1 14 27 39 50 59 53 51 45 40 33 16  5  6  6 11 12 14 10  8
  5  8  6  3  7  8 13 10 12 12 12 15  8  1 11 20 25 33 43 45 44 29 23 12 32 34 47 79 65 64 62 65 62 58 54 52 50 48 46 43 40 40 38 35 34 32 30 28 24 22 14  9  8  8 12 18 22 21 23 22 26 26 25 31 32 30 34 37 38 36 37 38 39 38 37 40 40 40 35 26 11  5 15 28 39 51 57 54 47 45 35 23 10  3  5  8 11 11 10 10
  3  8  7  5  6  8 10 10 10 13 10 10  8  1 12 18 24 33 41 46 39  5 26 29 65 48 46 59 59 59 60 59 58 55 52 51 49 46 43 41 40 39 35 33 34 33 31 26 20 18  6  9 13 12 16 20 23 23 22 24 27 30 27 29 31 30 34 37 37 35 34 37 36 39 41 41 40 48 39 33 21 10  4 18 29 46 54 61 54 48 38 23 13  2  6  8 12 13  9  8
  6  9  5  8 10 13 11 13 14 13 13  8  1  5 11 20 27 33 40 51 48 29 28 31 43 45 44 51 54 55 56 57 54 54 52 50 48 43 39 38 35 34 30 27 28 26 26 22  3 10  9 11 16 16 17 18 21 25 27 27 30 32 31 29 29 30 34 37 38 37 37 38 36 38 39 40 44 49 45 40 29 14  3 11 23 36 45 56 57 49 41 28 18 10  4  8 12 13 10  9
  7  7  2  5  8 10  9 11 11 12 11  9  3  9 16 22 25 33 37 47 49 39 31 31 37 40 38 41 44 47 47 49 51 51 47 44 45 41 40 39 33 34 24 26 24 24 22 18  8  5 11 11 14 18 17 19 19 23 27 27 29 30 30 31 31 30 32 36 37 37 36 38 38 36 39 39 43 44 47 40 34 20 10  1 11 25 36 45 50 53 46 34 20 13  1  4 10 11  8  9
  5  7  5  8 12 11 13 15 12 15 15 11 11 13 14 17 23 26 29 36 42 39 33 31 31 33 32 36 35 38 41 39 42 45 41 41 41 35 32 33 29 25  4 16 22 24 25 20 14 14 12 14 13 15 19 18 21 21 22 25 26 26 26 28 27 29 32 35 35 35 33 35 38 38 40 37 37 40 45 47 38 25 14  8  5 18 28 37 42 45 50 37 26 16  9  5  9  9 10  9
  5  1  7  8 11 13 16 14 13 17 15 16 12 12 13 15 18 19 21 25 33 36 35 29 28 29 30 29 29 30 34 32 34 37 34 36 33 30 27 28 25 17  3  8 15 20 23 20 16 17 16 14 15 16 20 17 20 18 20 21 22 22 25 27 24 28 29 29 29 32 29 33 35 36 37 36 34 37 40 43 41 33 23 16 11 15 18 22 26 27  5 19 22 18 12 11 10 12  9  7
  6  2  8 10 10 11 13 14 14 17 16 15 13 11 13 15 15 15 19 20 24 30 29 26 27 28 29 27 28 29 31 28 26 26 28 26 27 24 20 19 19 14  4  9 12 14 18 18 18 18 17 16 15 18 21 20 22 21 18 19 21 22 24 25 22 23 26 24 23 27 28 27 28 30 33 34 32 35 36 37 43 33 25 22 15 15 15 15 15 18  2 11 13 13 14 11  9  9 11 10
  5  3  6  9  8 11 10 11 12 16 17 18 16 14 11 13 13 12 13 14 18 21 23 21 21 22 23 21 23 25 22 21 19 19 18 18 20 22 20 17 14 13 10 10  9  9 11 15 14  3  8 12 15 16 15 18 20 17 15 15 15 18 17 21 21 18 22 21 20 20 19 21 22 21 24 27 28 27 27 27 29 27 22 22 16 17 14 15 12 12  9 11 10 10 12  9 11 11 12 10
  3  6  7  8  7  8  9  9 11 13 14 13 12 14 13 11  9 10 12 11 12 14 15 16 13 16 14 15 17 19 15 16 16 16 17 17 13 14 14 13 10  9 10  8  9  9  8  8 11  3  6  7  7  9 10 11 11 13 14 15 15 13 15 13 14 13 12 15 15 14 13 15 13 12 16 15 18 16 16 15 15 17 15 13 12 11 11 11 13 13 10 11  8  7  9  7  8  8  9  9
